ra	dec	velocity	z	dist_v2
194.95246	27.982740000000003	5306	0.0177	0.1267304401153566
194.94492	27.97385	9453	0.031532	0.5953067876680542
194.94556	27.99192	8360	0.027886	0.7818816512582605
194.93653	27.96867	9870	0.032923	1.1345230436160212
194.96745	27.996209999999998	8641	0.028823	1.2035171481553202
194.97472	27.97056	6618	0.022075	1.2991325383081607
194.93315	27.967240000000004	7926	0.026438	1.328172083635694
194.93219	27.994690000000002	6688	0.022309	1.3882305741540975
194.96591	27.957309999999996	5960	0.019880000000000002	1.5596938695329798
194.93419	27.95842	6892	0.022989	1.6689359386507623
194.92886000000001	27.998509999999996	8497	0.028343	1.669072752768698
194.9178	27.96824	7531	0.025121	2.011994507815334
194.90966	27.9872	6776	0.022602	2.332122146970779
194.91343	27.99853	7075	0.0236	2.3563834989052515
194.92616	28.015179999999997	7934	0.026465	2.5122580468220073
194.99983	27.98828	9031	0.030124	2.519850640952277
194.99958	27.9894	6535	0.0218	2.519879066376898
194.91523999999998	27.953909999999997	8029	0.026782	2.56867472682475
194.905	27.9722	7615	0.0254	2.596807127192971
194.90828	28.00102	4924	0.016425	2.667320263731478
194.9314	27.93908	7135	0.0238	2.7479387063717127
194.93337	27.93763	7316	0.024404	2.786481160949746
195.00406	27.99155	7465	0.0249	2.779873586389541
194.911	27.949690000000004	6718	0.022409000000000002	2.902961570768544
194.89685	27.98067	7355	0.024534	2.9780451293013157
194.90866	27.9491	6128	0.020441	3.021303129078252
194.89878000000002	27.95927	7176	0.023937	3.150256142863274
194.89331	27.99527	5225	0.017429	3.2839954115365244
194.95877	27.924840000000003	9743	0.0325	3.3649052316792614
194.99778999999998	27.940559999999998	6439	0.021478	3.379279359524281
195.00405	27.94544	6839	0.022812	3.431898159683555
194.90419	28.01861	7293	0.024327	3.446251859779262
195.01561999999998	27.964709999999997	5338	0.017804	3.4513132485323337
195.0185	27.987579999999998	6392	0.021321	3.4921602655558726
194.98605	27.93003	7735	0.025800999999999998	3.5069568109829854
194.88664	27.9836	5789	0.01931	3.5233045672542347
194.98338999999999	28.03472	8181	0.027288999999999997	3.6180285690367238
194.92626	27.92473	6900	0.023016	3.645782298794513
195.02177	27.97666	7792	0.025991000000000004	3.6491135724207027
195.01691	28.008609999999997	6360	0.021215	3.7749929179435333
194.89183	27.94694	7193	0.023993	3.8247429289464008
195.02546	27.978309999999997	7816	0.026070999999999997	3.83923714276907
194.88226	27.963440000000002	8860	0.029554	3.891636894107107
194.89658	27.93473	4193	0.013986000000000002	4.069847530324087
194.98203999999998	27.917690000000004	6677	0.022272	4.080498028288209
194.95909	27.912640000000003	7250	0.024184	4.095754117798911
195.02662	28.00413	7268	0.024243	4.14346897244204
194.87971000000002	27.95492	7074	0.023596000000000002	4.183045712647279
194.93502	27.91246	6678	0.022275	4.204144092185682
195.03387	27.977	6495	0.021665	4.287949640165386
195.03113000000002	27.958059999999996	6267	0.020904	4.354574137622918
194.87485	27.956429999999997	6729	0.022445	4.392487494080954
194.9468	28.05456	9533	0.0318	4.44432273992241
195.02247	28.02445	5899	0.019677	4.518345190055733
195.03497	27.954659999999997	6206	0.0207	4.613441422220014
194.93069	27.906129999999997	6440	0.021481	4.628218624729025
194.87608	28.02085	7166	0.023903	4.736407765401309
194.87219	27.94221	5613	0.018723	4.8679320329556255
195.04312	27.95907	6336	0.021134	4.9459536331560265
194.86081000000001	27.998479999999997	6684	0.022295	5.00242234657207
194.90795	27.907329999999998	8045	0.026835	5.009159690287465
194.86875	28.01925	5942	0.019819999999999997	5.0297351072871415
195.02969	27.93096	7726	0.025771	5.0399469798904315
194.88376	27.92105	6815	0.022732	5.127867344435006
194.8562	27.9732	6112	0.020387	5.1517770018716345
194.85553000000002	27.96793	7698	0.025677999999999996	5.2241848850357915
194.89987	27.90612	9054	0.0302	5.28841837957208
194.85437	27.996740000000003	5507	0.018369	5.316415845747764
194.87833	28.041940000000004	6549	0.021845	5.401056995238679
195.04327	27.938059999999997	7485	0.024967	5.422459020390723
194.89278000000002	27.90734	6805	0.0227	5.4385253528939295
194.99005	28.0651	5822	0.01942	5.43023392283623
194.85857	28.017840000000003	5486	0.018299	5.4792692220009735
194.88101	28.0466	6979	0.023278999999999998	5.495470671128881
194.93623	27.889770000000002	6847	0.022838999999999998	5.527853488879673
194.89022	27.90653	7075	0.0236	5.558167264777151
194.96442	28.07347	7457	0.024874	5.599015473506132
194.84688	27.981920000000002	8874	0.0296	5.626220829406805
194.86969	28.04052	5569	0.018576	5.690813231008834
194.85557	27.934490000000004	7604	0.025363999999999998	5.863213847224915
195.05921999999998	28.00735	8149	0.027181999999999998	5.8476207882675535
194.83921999999998	27.973570000000002	6020	0.020081	6.046972520506479
195.06882	27.96752	4634	0.015456999999999999	6.185107429542926
195.0735	27.98753	6136	0.020467	6.39495762278749
194.83216000000002	27.9735	7206	0.024037	6.42047017170235
194.83348999999998	27.963040000000003	7495	0.025	6.423711114778373
194.965	28.08778	9276	0.030941000000000003	6.45623264003795
195.05667	28.0375	5327	0.017769	6.460935501557021
195.07613	27.97158	4950	0.016511	6.54450871133805
195.0695	27.94414	5366	0.017899	6.549250889034446
195.07362	27.95539	6903	0.023025999999999998	6.5670128518359405
195.07487	27.95678	6371	0.021251	6.612840457381386
195.075	27.95722	6661	0.022219	6.613880440755215
195.06533000000002	28.02954	6985	0.023299	6.630613973117248
195.00429	28.08186	7765	0.0259	6.648885404958215
194.84755	27.91957	6824	0.022762	6.6872226797662675
195.06144	28.0413	5737	0.019137	6.796054711834602
194.93421999999998	27.867690000000003	6196	0.020668000000000002	6.853363446062652
195.08231	27.984720000000003	7035	0.023466	6.852933425749685
195.07867	28.00931	6202	0.020687999999999998	6.872963518520699
194.84735	27.911590000000004	6859	0.022879	6.97001561794838
195.05593000000002	28.053290000000004	8135	0.027135000000000003	6.976122050737404
194.87843999999998	27.884209999999996	4755	0.015861	7.011226513720503
195.06823	27.92284	4665	0.015561000000000002	7.022328078238099
194.81961	27.982570000000003	7195	0.024	7.0715437152337515
194.905	27.870440000000002	6189	0.020644	7.0888069497436375
195.04641	28.06525	7387	0.024640000000000002	7.084388581733884
194.96567	28.09853	7634	0.025463999999999997	7.101657082748743
195.07823	27.93705	5293	0.017656	7.132089138489099
194.99206	27.86611	8634	0.0288	7.179297277046289
195.03329	28.078570000000003	7268	0.024243	7.248796143897846
194.84125	27.91	6875	0.022932	7.287611417733989
195.04988	28.06775	7104	0.023696000000000002	7.320095394869241
194.81353000000001	27.97072	4786	0.015964	7.417388758683898
194.94218	27.85724	8117	0.027075	7.42964062617075
195.07671000000002	27.921359999999996	8155	0.027201999999999997	7.458366345008316
195.07792	27.920170000000002	6925	0.0231	7.548901267235011
195.09439	27.965259999999997	5216	0.0174	7.546446914559087
194.89702	27.863640000000004	6274	0.020928	7.625656369899928
194.84423999999999	27.89688	5087	0.016968	7.652308838922078
195.09682	27.996940000000002	6321	0.021085	7.679177438413776
195.05896	28.068720000000003	7255	0.0242	7.70447168999085
195.0536	28.0755	7506	0.025037	7.792009300551605
195.09519	28.015859999999996	9272	0.030927999999999997	7.820064253871902
194.91458	27.85453	3834	0.012789	7.8398474958050635
194.80462	27.977	6755	0.022532	7.868231492648682
195.10356000000002	27.9894	9217	0.030744999999999998	7.991530350156732
195.07095	28.063909999999996	6152	0.020521	7.995185582019925
194.88288	27.861309999999996	4640	0.015477000000000001	8.071549499111088
195.07643000000002	28.05929	9977	0.033280000000000004	8.058707416754451
194.88166999999999	28.10053	7420	0.02475	8.123352734726712
195.09161	28.03855	8051	0.026855	8.119121707086494
195.03821000000002	27.866559999999996	5136	0.017131999999999998	8.20221085138192
195.04083	27.86611	5128	0.017105000000000002	8.30182339011537
195.10443	27.9439	6946	0.023169	8.320445569276615
195.09544	27.92088	5270	0.017579	8.35649446156671
194.79811	28.00927	6942	0.023156	8.38597421546635
195.09223	28.047009999999997	8198	0.027346	8.377400045763231
194.83416	28.07429	7165	0.0239	8.437371293996138
195.109	28.0089	5528	0.01844	8.433476032182497
195.04265	27.863970000000002	9902	0.033030000000000004	8.462269318603427
195.11158	27.998170000000002	7195	0.024	8.464231444608059
194.83405	27.886	6452	0.021522	8.489778053661448
195.08911	28.057609999999997	7870	0.026251	8.557570925512353
194.88548	27.850740000000002	8184	0.0273	8.58092955288833
195.10342	27.926640000000003	7955	0.026535000000000003	8.604009260976632
195.11391	28.009290000000004	6428	0.021440999999999998	8.693043390069057
195.08055	28.07289	7349	0.024513999999999998	8.729188060428598
195.09779	28.05053	7076	0.023603	8.736896657162777
195.05678999999998	27.86719	7451	0.024853999999999998	8.753493135002236
195.11583000000002	27.955940000000002	6984	0.023296	8.752827275683128
195.1183	27.972409999999996	7713	0.025727999999999997	8.770212835649014
195.09028	27.898559999999996	4890	0.016311000000000003	8.78605456882354
194.81493	27.89916	5219	0.017409	8.805434126720572
195.08497	28.07055	6685	0.0223	8.825110068436226
194.96251	27.832959999999996	7895	0.026335	8.87820862588724
194.86024	27.856890000000003	5007	0.0167	8.910216886687811
194.83279	28.08431	4700	0.015677	8.900470214025354
194.87252	27.850140000000003	6865	0.022899	8.921360590368142
194.97955	28.128359999999997	7577	0.025274	8.970350981898155
194.96478000000002	27.82955	7974	0.0266	9.08992890365099
195.12378999999999	27.96855	5220	0.017412	9.076479048112843
194.81091999999998	27.8956	6450	0.021515	9.101134590989984
194.8159	27.88604	6516	0.021735	9.225700872167431
195.0845	28.08145	8128	0.027112	9.22008894576751
194.78942	28.04092	7232	0.024123	9.39100987335988
194.9272	28.135540000000002	9174	0.0306	9.391068776929904
194.77511	27.9967	7678	0.025611000000000002	9.476687964807267
195.12527	28.02635	6588	0.021975	9.52555466369848
194.808	28.07625	7822	0.026091000000000003	9.586020174456088
195.07728999999998	28.097170000000002	7825	0.026101999999999997	9.598255697654
194.90403999999998	27.825809999999997	6231	0.020784	9.649613929270473
195.13535	27.975920000000002	8435	0.028136	9.663657550928527
194.95953	28.144379999999998	6780	0.022616	9.827143505316602
195.13246	28.02287	8123	0.027094999999999998	9.835328701920298
194.76604	27.959059999999997	6978	0.023275999999999998	9.994828208090277
194.9197	28.14462	7519	0.025081	9.992840273808966
194.78781999999998	27.89756	7812	0.026057999999999998	10.079292632515916
195.14301	27.97157	7817	0.026075	10.080374680560777
194.76219	27.97474	5481	0.018283	10.119771135595062
194.77477	28.04134	8154	0.0272	10.120717455200271
194.87533	27.826	8874	0.0296	10.155471909653148
195.12892	28.053559999999997	7395	0.024666999999999998	10.290270990496374
194.76015	28.005940000000002	7974	0.0266	10.331724453527961
195.14342	27.934690000000003	8356	0.027873000000000002	10.45972201248782
194.7699	28.050390000000004	5071	0.016915	10.564403896208384
195.14758	27.94278	6958	0.023209999999999998	10.557036718659802
194.76933	27.91098	6432	0.021455000000000002	10.59834443686529
195.07375	28.12472	6593	0.021991999999999998	10.748066862843398
194.7503	27.96748	8329	0.027783	10.77306400874108
195.08404	27.8435	7883	0.026295	10.769920742582105
195.15764	27.978040000000004	4845	0.016161000000000002	10.84156579428257
195.0821	28.12152	6659	0.022212	10.866817539923268
194.74794	27.993340000000003	6184	0.020628	10.89405791498308
194.89982	27.804159999999996	6326	0.0211	10.96177528373686
194.79017	27.8674	6916	0.023069	10.989712743290983
195.15243999999998	27.931179999999998	5906	0.0197	10.976826099639887
195.02292	27.807609999999997	6593	0.021991999999999998	11.026123389075245
195.01771000000002	28.155109999999997	6693	0.022325	11.0105884576961
195.14998	27.918190000000003	6946	0.023169	11.090708000406307
195.01758	28.15672	7165	0.0239	11.100314056499164
194.97858	27.796	8251	0.027522	11.16401394909844
194.956	28.16657	6266	0.0209	11.153650477981621
194.74782	27.93453	5766	0.019233	11.224058592349566
195.16385	27.963459999999998	6599	0.022012	11.217959332586535
195.16151000000002	28.01453	7537	0.025141	11.2286398154852
195.16293000000002	28.009859999999996	5932	0.019787	11.255921622480248
194.87196	27.806890000000003	6710	0.022382	11.280116071344338
195.15222	28.04893	7506	0.025037	11.316318452427486
194.74076000000002	27.95569	5906	0.0197	11.349576379454845
194.90618999999998	28.166140000000002	5729	0.01911	11.400009105670899
195.15545	27.91142	6086	0.0203	11.504728099633837
195.17021	27.996609999999997	7112	0.023722999999999998	11.545014883331119
195.03636	28.15986	7447	0.02484	11.619522875145687
194.78316999999998	27.855	6622	0.022088999999999998	11.747263855876234
195.16566	27.92395	7503	0.025028	11.771292770788774
195.1657	27.9239	7521	0.025087	11.774192579719427
194.93393999999998	28.17632	8212	0.027392000000000003	11.781093984097724
195.15804	28.05736	7840	0.026151	11.79181727279602
194.73023	27.9647	5701	0.019015999999999998	11.846435359000338
195.07738	27.815540000000002	5360	0.017879	11.90191510468176
195.17821	27.971390000000003	6392	0.021321	11.94375906467449
195.1785	27.963109999999997	8366	0.027906	11.993027884119961
194.8777	27.791420000000002	7825	0.026101	12.039043415462471
195.12898	28.1084	5203	0.017355000000000002	12.062435117587745
194.91692	28.17939	5437	0.018136000000000003	12.074241959353607
195.18221	27.989209999999996	4840	0.016144	12.152404063688477
195.17164	28.04512	8826	0.029439999999999997	12.206831668477859
195.03798	28.1704	6781	0.022619	12.238124406769856
195.16398999999998	28.06973	6652	0.022188999999999997	12.383644304018683
194.75788	27.865109999999998	7555	0.0252	12.456204437173232
194.90762	27.776840000000004	6786	0.022636	12.466340611167464
194.86377	27.78505	6618	0.022075	12.657683862809817
195.18376999999998	28.03762	8889	0.02965	12.689867674839675
195.17716000000001	28.05707	5817	0.019403	12.724189225817591
195.17861000000002	28.05384	6775	0.0226	12.727917670267294
194.789	27.8238	5066	0.0169	12.817488714483755
194.71156000000002	27.995590000000004	6715	0.022399000000000002	12.826175789520505
194.71176	28.007	7471	0.024919999999999998	12.88079359398495
195.0262	27.7758	6218	0.020741	12.891214548753526
195.19805	27.974990000000002	5820	0.019413	12.98629389006816
194.73125	27.887420000000002	7945	0.0265	13.02162239202814
195.05167	27.781670000000002	6992	0.023323	13.036565482260306
195.05258	27.78183	7016	0.023402000000000003	13.047220959424504
194.93719	27.76347	8094	0.027	13.060572153004967
194.76625	28.1237	7980	0.026618	13.094428337054444
194.7585	28.11575	9436	0.031475	13.10727063992766
195.03357	27.773320000000002	8664	0.0289	13.154851089775498
194.85758	28.18699	7718	0.025744	13.369798742041453
195.07314	27.78443	7015	0.0234	13.387705302220075
195.19752	27.922179999999997	8571	0.028589999999999997	13.424099422394118
195.19138	28.059859999999997	7919	0.026414999999999998	13.487471342200257
194.70063000000002	28.018720000000002	7075	0.0236	13.565899902164944
195.13901	27.824270000000002	8184	0.027299	13.61290499198596
194.79125	28.16447	8574	0.0286	13.962905736620975
194.94283000000001	27.74628	9755	0.032539	14.075291629625335
194.9838	27.74633	8883	0.02963	14.156098433180432
194.71152	28.084020000000002	6103	0.020357	14.215002079674036
194.93374	27.74304	7435	0.0248	14.295997002716028
195.18598	28.10063	6616	0.022069	14.280667906143263
195.14822	28.14613	5461	0.018216	14.328409343218894
195.21313999999998	28.04713	6459	0.021544999999999998	14.34184276363678
195.21483	28.04281	8793	0.029330000000000002	14.35867383830898
195.224	27.96825	5837	0.019469999999999998	14.376664299280492
195.17735	28.1163	6206	0.0207	14.396762127001933
194.81829	27.77175	6296	0.021	14.43103618639665
194.83418	28.19792	9439	0.031485	14.472981231577599
194.80624	27.7746	6849	0.022846	14.612987491064239
195.22692	28.007640000000002	4994	0.016658000000000003	14.59914053208298
194.73337	27.83336	7571	0.025254	14.622809133749394
194.93728000000002	27.73722	5959	0.019877000000000002	14.632384111826989
195.21275	28.06322	6678	0.022275	14.619160416897753
195.19863	28.09277	6775	0.0226	14.641043609488596
194.67625	27.97216	6326	0.0211	14.676344006036151
194.95861000000002	27.73537	7675	0.0256	14.722390337707928
194.81405	27.768079999999998	6315	0.021065	14.73402547719141
195.07471	28.202309999999997	8492	0.028326	14.774161163090943
195.20266999999998	28.09078	6940	0.023149	14.777777189350493
194.78417	27.784129999999998	7088	0.023643	14.809346934576476
194.68396	28.04897	8868	0.029581	14.830787015188703
195.20019	28.09925	6236	0.0208	14.895829495961122
194.73587	27.821990000000003	8535	0.02847	14.94311560420785
194.72267	28.126070000000002	7000	0.023349	14.996589273846826
194.68938	27.87994	8415	0.028069	15.2288947871565
195.1891	27.83551	8765	0.029237	15.24869963862516
194.67285	28.045370000000002	5666	0.0189	15.341425571360457
195.00713000000002	27.72922	8041	0.026822000000000002	15.358710777090378
194.85388	27.73885	6062	0.020221	15.434832872026954
194.66225	27.95386	6009	0.020044	15.494430802950848
195.21249	27.8621	9324	0.0311	15.485730425460192
194.68107	27.88526	8124	0.0271	15.513238952794294
194.77853000000002	27.772470000000002	6259	0.020878	15.548792800302593
194.69217	27.86086	8805	0.02937	15.588199959120036
195.23304	27.8985	6056	0.0202	15.639011597090239
194.78122	27.76778	6336	0.021135	15.692615990348463
194.7349	27.803559999999997	7864	0.026231	15.709517553443204
195.1184	27.76125	6835	0.0228	15.820010416285674
194.72106000000002	27.81342	5496	0.018333000000000002	15.87671012220117
195.01253	28.240309999999997	7684	0.025631	15.891794369287485
195.00974	27.71974	5606	0.0187	15.943413922384337
195.18794	27.812590000000004	5816	0.0194	16.027161114290973
194.99063	28.24667	6712	0.022389	16.081976628894846
195.13547	27.76615	6697	0.022338999999999998	16.10320619877597
194.99	28.247390000000003	6740	0.022482	16.120767569106714
194.94644	27.710309999999996	8439	0.028149	16.22683426388974
194.9464	27.7103	8419	0.028082999999999997	16.227480149308374
194.74011000000002	27.78544	6894	0.022996	16.27223721346689
194.72763999999998	27.795609999999996	6471	0.021584	16.316313421220634
195.24691	27.89984	6896	0.023003	16.31416467510432
194.96579	28.253290000000003	8694	0.029	16.3696405481201
194.72055	27.79924	8964	0.0299	16.44864104510186
194.6437	28.009790000000002	6356	0.0212	16.48203634933403
195.05303999999998	27.719690000000003	4947	0.0165	16.534162075163103
194.93567	28.256529999999998	7861	0.026222000000000002	16.575707269862633
194.70302	27.81043	5928	0.019775	16.737971448973536
194.703	27.8104	5865	0.019563	16.739911643740566
195.02542	28.25194	7259	0.024213	16.719253025192945
195.22821000000002	27.842029999999998	7082	0.023622999999999998	16.794483131078803
195.21967	27.82565	4966	0.016566	16.923291328435646
195.20335	28.158340000000003	5879	0.01961	17.006075853584512
194.71707	27.785059999999998	5682	0.018953	17.1584613742243
194.82648	27.71575	6681	0.022285	17.256682134015257
194.65033	27.87289	7135	0.0238	17.302719989747835
195.0725	27.7115	7195	0.024	17.350259059600578
194.63296	28.04962	5710	0.019046	17.4522497266771
194.62585	28.01475	7145	0.023833	17.454617469961065
195.21874	27.80497	6834	0.022795	17.59740957140348
195.09246000000002	28.2471	7965	0.026568	17.604733831613714
194.66973000000002	27.82692	6177	0.020604	17.630006821323615
195.27008	27.89175	5774	0.01926	17.631973819487744
195.27356	28.06205	7405	0.0247	17.663891381569513
195.14827	27.74182	8544	0.0285	17.681883675846667
194.65313	27.849490000000003	6159	0.020544999999999997	17.743465770820297
194.81246000000002	28.251009999999997	7483	0.024961	17.84407797216549
194.65146000000001	28.113740000000004	6789	0.022646	17.854434666091564
194.62948	27.895509999999998	6804	0.022696	17.89708530003208
194.75758000000002	28.22522	8017	0.026742000000000002	17.952369923614988
195.28931	28.033109999999997	7013	0.023393	18.08814067544067
195.02606	27.685309999999998	7537	0.025141	18.14141413815234
195.1094	27.7115	6535	0.0218	18.156934813857976
194.659	27.82258	5418	0.018071	18.251523035712783
194.86524	28.27595	5696	0.019	18.314595045865907
195.22548999999998	27.783720000000002	8359	0.027882999999999998	18.666430524612586
194.64071	27.83677	4617	0.0154	18.677179303754453
194.83198000000002	28.27412	5786	0.0193	18.73496929645755
195.23366000000001	27.790840000000003	7985	0.026635000000000002	18.74071885378368
194.72692	28.22297	7096	0.02367	18.82967891411989
194.85896	28.287540000000003	8005	0.026701999999999997	19.072029134277066
195.13528	28.25607	6279	0.020944	19.130726035837544
195.30678	27.914270000000002	5852	0.01952	19.167329733969506
194.591	27.96772	6022	0.020087	19.200850714708558
194.67346	28.1855	8023	0.026761	19.236949555201534
194.8275	28.282120000000003	7015	0.0234	19.26709854890861
195.18978	27.73647	7045	0.0235	19.297968707947895
194.92216000000002	27.659840000000003	6790	0.022649000000000002	19.3209167533696
194.68975	27.753890000000002	6665	0.022232	19.49967330778034
194.67746	27.760509999999996	8476	0.028273000000000003	19.702923345787685
195.21208000000001	27.74292	8132	0.027125	19.80698681688753
195.21292	27.743	8120	0.027087	19.83446667074562
194.59163999999998	27.892290000000003	7337	0.024474	19.87857557499416
194.59283	27.88478	4366	0.014563	19.94375471383848
195.33331	27.961029999999997	7891	0.026320999999999997	20.184715070642124
195.28847	27.81833	5965	0.019897	20.279017294891798
194.78975	28.286690000000004	6805	0.0227	20.291377227201767
194.64763	27.77504	6056	0.0202	20.363060747208444
194.60575	28.128970000000002	8473	0.028263	20.42864123745737
194.57253	28.04008	6205	0.020697999999999998	20.46951948511085
194.896	27.64149	8544	0.0285	20.576232428140926
194.58217	28.094829999999998	7183	0.02396	20.800973710808787
195.32435	28.097070000000002	8030	0.026785000000000003	20.865974067680447
195.29459	27.802909999999997	6708	0.022375	21.01943136337158
195.33048	27.86048	8209	0.027382	21.26985939264824
194.65573999999998	28.219520000000003	6835	0.0228	21.282868247692544
194.68469	27.71436	7465	0.0249	21.40227290071546
194.97946000000002	28.33708	7825	0.0261	21.428734879362366
194.70251000000002	27.699959999999997	7075	0.0236	21.45729483440013
194.57587	27.84849	7581	0.025287	21.51356085484727
194.54763	27.93995	8520	0.028419999999999997	21.62460778374303
194.59044	28.14876	7861	0.026220999999999998	21.685747907686263
194.59232	28.152140000000003	6707	0.022372	21.692840829021897
195.36311	27.9992	7652	0.025524	21.75384938652874
195.32942	28.128140000000002	6834	0.022796	21.803988393038008
195.06071	27.62867	6026	0.0201	21.880585971972433
194.82148999999998	27.634179999999997	5306	0.0177	21.93195713685606
194.54855	27.89367	5729	0.019111000000000003	22.068414187705944
194.72321000000002	28.288970000000003	7855	0.0262	22.13629197342368
195.3233	27.80909	7334	0.024464	22.169545036673718
195.35896	27.88594	5482	0.018286	22.255314088258565
195.3686	27.92657	7491	0.024987	22.261906486289845
195.21378	27.68917	8184	0.0273	22.300596517987266
194.772	27.644579999999998	5554	0.018526	22.338762696010377
194.56269	28.1259	7466	0.024904	22.431097785149085
194.94642	27.605529999999998	7555	0.0252	22.51259392340314
195.09325	27.62357	7580	0.025284	22.68257955952143
194.54631	27.86027	6873	0.022926	22.742206430234894
194.99694	27.60333	6635	0.022132	22.76135000744575
194.69751000000002	27.674740000000003	8374	0.027933	22.822082574388144
194.75167	27.643990000000002	8043	0.026829000000000002	22.85489875887912
195.14058	27.63767	7476	0.024937	22.86129707558925
194.629	28.233629999999998	7292	0.024322999999999997	22.90078976815817
195.11522	27.62523	5876	0.0196	22.998948830432912
194.56886	27.802570000000003	5715	0.019063	23.0068044964723
194.68296	28.28268	7597	0.025341	23.076862647381365
195.29676	27.742520000000003	7383	0.024627	23.16492886955914
194.79295	27.61988	5691	0.018983	23.25680334566207
194.51195	27.97836	6544	0.021828	23.373147997340542
195.391	27.9111	6591	0.021985	23.585206078982957
195.04339	27.59502	5597	0.01867	23.632030072360475
194.57993000000002	27.762079999999997	5434	0.018126	23.742648886489487
195.12825	28.34623	6012	0.020054	23.809669921971167
195.40553	28.01577	7179	0.023947	24.063342765491868
195.3825	27.84753	5484	0.018293	24.129963377866158
194.82726	27.593609999999998	5178	0.017272	24.165850748952547
194.55751	28.18255	7182	0.023957	24.18918108319128
194.91621	27.57625	5012	0.016718	24.345333103238904
194.61279	27.706609999999998	7001	0.023353	24.419665515793206
195.34491	28.19605	7629	0.025448	24.43769917695171
195.18429	28.33728	7930	0.026452	24.644971263011065
194.48665	27.99176	4649	0.015507	24.720677746422997
194.50714	27.85357	5697	0.019003	24.841218621217987
194.4905	28.06178	8299	0.027682	24.978196890674965
195.24325	27.6521	5211	0.017381999999999998	25.01716607160064
195.21617	27.63392	7825	0.0261	25.057881636863023
194.63166999999999	27.673509999999997	6947	0.023173	25.10999532481354
194.5	27.85267	7171	0.02392	25.2182361728125
194.7324	28.353759999999998	6296	0.021	25.24403855846236
194.51461	27.81492	7132	0.023790000000000002	25.28762254689027
195.39685	28.14695	5272	0.017585	25.526739165846315
194.74211	27.594720000000002	6059	0.020211	25.723282244864414
195.40007	28.151090000000003	6011	0.02005	25.780826744145607
195.44247	27.957790000000003	4706	0.015697	25.971483424783575
194.62296	28.30122	5879	0.01961	25.978009890823508
195.18303999999998	27.59367	7255	0.0242	26.234850006770095
195.0796	27.553729999999998	5901	0.019684	26.48415993440228
195.14866999999998	27.57408	5112	0.017052	26.514934946034835
195.31335	27.669240000000002	7085	0.023633	26.734229798811945
194.46098	27.879490000000004	6948	0.023176	26.782835839892282
194.77658	27.56082	7945	0.0265	26.87812647271756
195.10492	27.55227	7261	0.02422	26.940249418407866
195.4459	28.095	5816	0.0194	26.986275938034563
195.21704	28.365920000000003	7665	0.025568	27.00350320014539
194.45542	27.881109999999996	6941	0.023153	27.04815434400856
194.4503	27.8831	5905	0.019697	27.28681870233566
194.45028	27.883059999999997	5862	0.019554	27.288374131286552
195.45924	27.893559999999997	7556	0.025204	27.336333870037365
195.00766000000002	28.434820000000002	8085	0.026969	27.40010404678639
195.36917	28.254170000000002	9061	0.030224	27.46158696210916
194.52452	28.24264	7204	0.024031	27.59244438462755
194.43876	27.90598	8132	0.027124000000000002	27.626106342899757
194.52352	28.24274	7049	0.023513	27.63936213232949
194.59877	28.32893	8352	0.027859	28.068121596618603
194.64663000000002	27.59633	7676	0.025604000000000002	28.22057657321191
194.44709	27.833309999999997	6118	0.020406999999999998	28.247322908280044
194.85246	27.51734	5882	0.01962	28.309723449823423
194.83756	28.44148	6583	0.021958000000000002	28.3134985439044
195.08283	28.439220000000002	7117	0.023740999999999998	28.35433211899496
195.49	28.00589	7764	0.025898	28.487598699501604
194.4593	28.17036	6929	0.023112	28.508911197801343
195.23158	27.57442	5396	0.018	28.51014453590651
194.44461	28.140790000000003	6409	0.021378	28.58295928213923
194.75678	27.536929999999998	8577	0.028610000000000003	28.592567601966863
194.82688000000002	27.513509999999997	6033	0.020124	28.820612886812285
195.28765	28.3598	6892	0.022989	28.820223785119662
195.18282	28.41634	6280	0.020947	28.82447964109232
195.40216	27.70795	7915	0.026402	28.905040200880315
194.45278000000002	28.180429999999998	7237	0.02414	29.068411295122804
195.43407	28.214370000000002	7802	0.026025	29.06485028972345
195.41287	28.245890000000003	7599	0.025347	29.07442932712403
195.1119	27.5156	7819	0.026081	29.152512715224226
195.30122	27.604490000000002	7565	0.025234	29.172219703364526
194.63454	28.37797	5966	0.0199	29.188304476321758
195.05926000000002	28.458070000000003	7794	0.025999	29.187732370416075
194.40496000000002	28.040390000000002	6414	0.021394999999999997	29.25352947917349
194.51467	27.68246	7209	0.024047	29.346895275676346
195.1218	27.51485	7395	0.024666999999999998	29.351788535560917
194.46796	27.73965	6899	0.023012	29.517832291207185
195.42043999999999	28.24908	9286	0.030975	29.514220095881285
194.44943	27.76946	5793	0.019323	29.565544750502024
195.12233	28.45567	7247	0.024174	29.87072793897515
194.44233	27.757040000000003	6146	0.020501	30.230930691674324
195.14004	27.50419	5602	0.018686	30.265423698543913
194.62792	27.56431	7285	0.0243	30.365854542072984
194.47128999999998	27.70717	6444	0.021495	30.374422598377706
194.66006000000002	27.5441	5956	0.019867	30.466345430376524
194.49253000000002	27.67507	5291	0.017649	30.551188776030692
194.77633	27.49363	8159	0.027214999999999996	30.693817396435787
194.61838	27.559390000000004	7533	0.025127	30.897842931221838
194.84648	28.4886	7000	0.023351	30.99070557437437
194.73376000000002	28.46363	5943	0.019825	31.20937073280351
195.50054	27.78267	7070	0.023583	31.37271899020117
195.04667	27.46009	6845	0.022833000000000003	31.62951240289496
194.92211	28.5072	8223	0.027429000000000002	31.632672410346157
194.52432	28.37097	7645	0.025502	32.59637158385105
194.40114	28.2334	6805	0.0227	32.91036602983498
195.55973999999998	28.101609999999997	5937	0.019804	32.93694248886163
194.59367	27.53231	4776	0.015931	32.98315039646584
195.52501999999998	27.76512	7251	0.024187	32.97888415156853
194.3406	27.8804	7428	0.024777	33.0197033607655
194.37496000000002	28.188059999999997	6934	0.023129	33.0341631143256
194.52845	27.57688	7467	0.024907	33.092185002967305
194.36846	28.17643	8182	0.027292	33.100752478739594
194.8346	27.435240000000004	7706	0.025704	33.326626629675516
195.54879	28.172390000000004	8950	0.029854000000000002	33.56959899424258
195.54287	28.19183	5742	0.019153	33.69366994509852
195.57017	27.845579999999998	7651	0.025521000000000002	33.70849286372444
194.54041999999998	27.549429999999997	7002	0.023356000000000002	33.90419273762615
194.54862	27.54245	7152	0.023856	33.94830490678301
194.64738	27.48325	6443	0.021491	33.975776029112474
195.16913	28.519	8901	0.029689999999999998	34.25795162376603
194.89864	28.551370000000002	7617	0.025408	34.36109022961846
195.6043	27.97227	7154	0.023863	34.51215259075727
194.4843	27.581359999999997	4959	0.01654	34.54361729794815
194.34779	27.76628	9132	0.030461000000000002	34.584296971992615
194.65771	27.464109999999998	6303	0.021024	34.73839723651509
195.55329	28.214840000000002	8202	0.027358999999999998	34.7372719210509
195.45158	27.60397	8223	0.027429000000000002	34.800830531649495
195.36122	28.43589	5753	0.019190000000000002	34.809259405057865
194.3242	27.81093	7084	0.02363	34.86776021623274
195.47388	27.62445	7887	0.026307999999999998	34.94217982500102
195.50433	27.65298	7102	0.02369	35.248251115675814
194.36727	27.700779999999998	6457	0.021539	35.32632713809497
194.80711000000002	27.40257	5675	0.018930000000000002	35.54345111394815
194.74747	27.41385	6584	0.021962	35.72119849542583
194.63362	27.45634	7053	0.023526	35.74453279456643
195.4189	27.5489	6535	0.0218	35.817690859132576
194.70391999999998	28.54001	6293	0.020992	36.0493123693969
194.32603999999998	27.747359999999997	7074	0.023596000000000002	36.08545963011093
195.63283	27.935540000000003	6637	0.022139	36.12806044492405
195.49346	28.354029999999998	8577	0.028610000000000003	36.31569536055078
195.09458	28.57447	6459	0.021544999999999998	36.40294389160131
194.69104	28.54293	6333	0.021125	36.465390391060225
195.53284	27.64831	6902	0.023023	36.6658575742004
195.64479	27.94919	5779	0.019277000000000002	36.70656611744207
195.64512	27.948790000000002	5779	0.019277000000000002	36.725341894250484
194.43014	27.5776	7209	0.024047	36.81705178534901
195.58968000000002	28.23077	5580	0.018613	36.88317952936172
194.35875	27.659390000000002	5095	0.016995	36.96231047226174
195.20802	27.405790000000003	6618	0.022075	37.05849126024803
194.31378	27.729840000000003	5746	0.019168	37.10208572947237
194.56363000000002	27.4647	7625	0.025434000000000002	37.2329541356705
194.38683	27.610329999999998	6087	0.020304	37.376672580017356
194.36463999999998	27.63627	8042	0.026825	37.44613671579018
195.0183	28.6035	6821	0.022754	37.527012957343736
194.72413	27.38865	7654	0.025531	37.547217700018784
195.59025	28.255979999999997	6814	0.022729	37.54749575698618
195.31233	28.52175	8439	0.02815	37.60900621129004
194.50651000000002	27.48967	7648	0.025511000000000002	37.819854393247205
195.66019	28.11458	7476	0.024937	38.297188240614155
194.26894	27.773020000000002	7544	0.025164	38.36341857849323
194.58555	27.42939	7578	0.025277	38.40940192284779
194.56276	28.521790000000003	6899	0.023012	38.46478311894391
194.27024	28.209690000000002	5169	0.017242	38.66484638233962
194.90561	27.33604	6953	0.023193000000000002	38.76133033700111
194.47652	27.490640000000003	5003	0.016687999999999998	38.79411502006402
194.41724	27.541	7206	0.024037	38.798183588079084
194.22141000000002	27.9295	6209	0.020711	38.897746667320035
194.42096	27.53438	6505	0.0217	38.926394132792765
195.2758	27.39783	8109	0.027049	38.949307823123114
195.68499	28.04535	6211	0.020718	38.96451706186166
195.53905	27.589370000000002	6444	0.021495	38.97248680576574
194.63192	27.39503	7554	0.025197	39.06283478857706
194.91721	28.630809999999997	5358	0.017872	39.05288915292127
195.55965	28.35264	8631	0.028789999999999996	39.083521454489386
194.4615	27.49087	7335	0.024467	39.30876140491336
195.53609	28.38712	7605	0.025368	39.31176871182126
194.26768	27.73005	8881	0.029624	39.34497067155419
194.50315	27.45399	7653	0.025528	39.62003585300157
194.33165	27.6138	7776	0.025938	39.653348206848264
195.1217	27.3332	8408	0.028045999999999998	39.87005728684933
194.31994	27.61846	7257	0.024207	40.018640554879944
194.47474	28.499809999999997	7324	0.02443	40.116664708608084
194.37748	27.543029999999998	7648	0.025511000000000002	40.29187605423127
194.27728000000002	28.296609999999998	6745	0.0225	40.46782548477735
194.27043999999998	27.67738	7820	0.026085	40.53484920164732
194.19113000000002	28.05162	6924	0.023094999999999997	40.581956495086935
194.63805	27.36437	6996	0.023336000000000003	40.591214101139485
194.52528	27.418940000000003	5749	0.019177	40.650437232327725
194.4863	27.4426	7724	0.025764	40.70684352679687
194.21821	28.188109999999998	6489	0.021646000000000002	40.84135611600384
194.35768000000002	27.546129999999998	5475	0.018262999999999998	40.97594404475151
195.02614	27.3007	7858	0.026211	40.984157895427316
194.17858	28.02045	6296	0.021001	41.0981912326467
194.34822	27.549940000000003	6039	0.020144	41.220479370384126
195.71974	27.866590000000002	8210	0.027386	41.21783318750549
195.37867	28.55675	6885	0.022966	41.23683891434739
194.39933	27.49325	7343	0.024494	41.47359384646789
194.26079	27.65669	6788	0.022642	41.562111793272976
194.36455	28.439690000000002	7820	0.026086	41.55281583505458
194.39958000000001	27.48917	7496	0.025004	41.63759883614793
194.43253	27.461479999999998	7195	0.024	41.651324043678386
194.4006	27.4848	7234	0.024130000000000002	41.78608197792139
194.40057	27.484809999999996	7239	0.024148	41.78677248722996
195.73571	28.07041	7759	0.025881	41.80078736929513
194.39119	28.482259999999997	6302	0.021021	42.282616483156524
194.38708	28.479440000000004	6784	0.022629	42.31597248286108
194.16188	28.08115	8126	0.027106	42.33307662536074
194.38314	28.476940000000003	6775	0.022599	42.35816821732599
195.15476	28.664140000000003	7077	0.023606	42.36804443980108
195.54643000000002	28.45662	6133	0.020459	42.421201855461135
194.52398	27.382740000000002	7285	0.0243	42.50771710963857
195.75365	28.032490000000003	5443	0.018156	42.524098250468576
194.16002	28.106279999999998	6465	0.021566	42.66604649251951
194.41138999999998	27.455240000000003	7588	0.025311	42.68127868138444
194.15376	27.884890000000002	6297	0.021006	42.75852287819177
194.49925	27.391990000000003	7375	0.0246	42.76654976416713
194.44062	27.429340000000003	8318	0.027745999999999996	42.840926765628666
194.35151000000002	27.49782	7362	0.024557	43.12600674298245
194.32383000000002	28.438809999999997	6910	0.023049	43.1550595637631
194.87548999999999	28.70014	7118	0.023743	43.360654129462745
194.3455	27.493	8241	0.027489	43.55722608980564
194.48549	27.3823	5193	0.017322	43.66039533795695
195.06513	27.256659999999997	7135	0.0238	43.8487340003902
194.1681	28.2178	8304	0.0277	43.91413845049529
194.12423	27.940009999999997	6668	0.022241999999999998	43.99232472814378
194.34028999999998	27.4863	7675	0.0256	44.033111733480794
194.35439	28.4959	7196	0.024003	44.23754899348575
194.34045	27.47485	6902	0.023023	44.49384705634627
195.67002	28.371309999999998	7406	0.024704	44.57838430099304
194.2117	27.62785	8113	0.027062	44.679607856357734
194.57758	27.310809999999996	7447	0.02484	44.87461997133109
194.69043	28.6926	6682	0.022289	44.90956459564092
195.55895	28.5071	6836	0.022802	44.97988804444187
195.77165	27.784129999999998	7671	0.025588	44.98720554150025
194.49159	27.350790000000003	8664	0.0289	45.05260704489301
195.6332	28.439329999999998	5982	0.019954	45.282055645259746
194.2681	27.525940000000002	8328	0.027779	45.46652028564181
194.11094	27.830640000000002	6297	0.021004	45.55007048116432
195.74767	28.27536	7142	0.023823	45.61189671622991
194.78566999999998	28.72822	7106	0.023702	45.71403572969406
195.81768	28.03042	6041	0.020151	45.8997766495021
194.64717	27.26486	7368	0.024577	45.92520526647279
194.14666	28.27545	6946	0.02317	46.18907043571152
195.34071	28.671940000000003	8694	0.029	46.25301808494497
195.80264	28.1725	7243	0.02416	46.425248815228265
194.14237	27.68735	6843	0.022826	46.47500571876891
194.45735	28.624259999999996	7495	0.025	46.65586584865417
194.28925	27.4664	7463	0.024894	46.85259132270861
195.35448	28.677229999999998	8762	0.029227	46.86210535654593
194.63291	27.252290000000002	7585	0.0253	46.90139278708294
194.35521	27.404609999999998	4857	0.0162	46.941823450143204
194.10959	27.727259999999998	6836	0.022802	47.25757058136949
195.84487	27.935979999999997	6016	0.020066999999999998	47.33983670280511
194.58064	28.698529999999998	5789	0.019309	47.34777509149099
195.29478999999998	27.24659	6226	0.020768000000000002	47.646204109215745
195.73887	28.37562	8853	0.029531	47.84119765210729
195.85554	28.014	7954	0.026532	47.85368112767736
194.08246	27.75103	6883	0.022959	48.19060681314721
194.05942	27.815590000000004	6669	0.022244999999999997	48.41084694168862
195.44925	28.660220000000002	8637	0.028810000000000002	48.46834095514584
195.65896999999998	28.50191	5756	0.0192	48.68517444088599
194.17664	27.54825	7573	0.025261000000000002	48.707515225683785
194.16021999999998	27.570940000000004	7596	0.025337000000000002	48.74310853714135
194.53846000000001	28.70859	7616	0.025404	48.85385169673552
194.61817	27.22097	7405	0.0247	48.93780578663681
194.04126000000002	27.84425	7646	0.025504	49.031308313739785
195.64658	27.43944	5400	0.018012	49.10953716082322
194.29483000000002	27.4049	6215	0.020731	49.1567593809528
194.23307	27.462390000000003	7627	0.025441	49.28916490042923
194.81836	27.158070000000002	6692	0.022322	49.874621382411505
194.05062	27.74548	6915	0.023066	49.90561663680024
194.39462	27.310309999999998	7442	0.024824000000000002	49.98824968829585
194.01142	28.04797	7397	0.024675	50.041112936145694
194.261	27.41258	7435	0.0248	50.13575741266436
195.71354	28.482440000000004	7007	0.023372999999999998	50.223625409709086
194.00648	28.03837	5629	0.018775999999999998	50.26122174687932
194.60542	27.199990000000003	8045	0.026835	50.357933202912456
194.14247	27.53895	7105	0.0237	50.54405137300736
193.999	27.955070000000003	8108	0.027047	50.581079511003566
194.65537	27.17625	7664	0.025564	50.79666622358858
195.83981	28.309040000000003	5519	0.018409000000000002	50.88265702249896
195.52299	27.29727	7258	0.02421	50.98185435344564
194.19603999999998	27.457309999999996	7285	0.0243	51.01797816758065
195.05836000000002	28.82817	7365	0.024567	51.151374050883554
195.25136	28.79216	8045	0.026835	51.17084107649317
193.98941000000002	27.90493	6551	0.021852	51.279644984147595
195.89985	28.166970000000003	6573	0.021925	51.35465631335451
194.48073	27.232020000000002	6473	0.021591	51.463525173912274
195.87511999999998	28.27471	6410	0.021381	51.881217944669636
194.25708999999998	27.372090000000004	7012	0.02339	51.97054912379513
195.8904	28.2394	8147	0.027175	51.97847860956009
194.03977	28.31089	7967	0.026575	52.221107714876226
194.19908	27.421	7762	0.025891	52.2683684702951
195.49725	28.70948	6079	0.020278	52.32450932185549
194.28195	27.34055	7288	0.02431	52.41317237065343
194.17054	27.44772	7310	0.024384	52.44239527275323
194.02542	27.678109999999997	4968	0.016571000000000002	52.462010038750066
195.93726999999998	28.084229999999998	5602	0.018686	52.493671491406545
194.81938	27.10608	8412	0.028058999999999997	52.95648317817353
194.02686	27.64805	7593	0.025327000000000002	53.04861251570752
193.95418	27.90587	6930	0.023116	53.134875606442584
195.96165	27.98838	6358	0.021208	53.4417478501724
194.11739	27.48312	8394	0.028	53.487259440441996
195.9604	28.05442	6299	0.021011000000000002	53.54022060740399
195.23	27.1216	6505	0.0217	53.609596788803714
194.00804	27.6645	6148	0.020507	53.61460076977114
195.791	28.489620000000002	5408	0.018039	53.79954345804437
195.10686	28.867820000000002	6795	0.022666	53.8427131586213
194.23573000000002	28.623359999999998	6566	0.021902	54.06323682004572
195.07976000000002	28.87815	7425	0.024766	54.26078696714604
193.94475	28.14395	6061	0.020217	54.2768662486868
195.95812	28.18573	6989	0.023313	54.60763520591912
195.9602	28.1786	6386	0.0213	54.62205075652711
193.95533999999998	27.75188	7271	0.024252000000000003	54.67276707816741
194.09079	28.48692	6595	0.022	54.77321334742287
195.63644	27.29556	7585	0.025301	54.85716073451697
194.91298	28.89552	6210	0.020714	54.93026386003644
194.65151	27.10414	8000	0.026685000000000004	54.985372077781186
194.06096000000002	27.5063	7451	0.024853999999999998	55.26559347361356
194.62608	28.85885	7973	0.026595	55.44241965932506
194.30865	27.253729999999997	5174	0.017259	55.463177585878974
193.94929	28.256109999999996	8107	0.027042	55.628591084308034
195.97863999999998	28.18765	6910	0.023049	55.691581770756756
194.09712	27.430940000000003	7915	0.0264	56.17221263386135
193.93447	27.716590000000004	7138	0.023809999999999998	56.31227824367151
194.01498999999998	28.43477	6833	0.022791	56.58926948538242
194.43749	27.155459999999998	7191	0.023987	56.600025646604784
194.91577	28.92657	6003	0.020024	56.786629162202
195.31566999999998	28.87218	7135	0.0238	56.80822682693441
194.06957	27.44598	6386	0.021301	56.846453443611644
193.99331999999998	28.40737	6014	0.020059	56.842792602813844
193.892	27.84167	7095	0.023666	56.87240939216095
194.30733	27.22455	6865	0.0229	56.89539807660291
195.01911	27.03247	6974	0.023263	57.001934785950695
196.0198	27.85052	6360	0.021215	57.09360500412381
195.79057	28.58352	6922	0.023089	57.152942933447626
196.03318000000002	27.964959999999998	6123	0.020424	57.24370020704336
193.89875	27.76714	6680	0.022282	57.3679322098036
194.56491	27.087220000000002	7855	0.0262	57.448311015361284
193.86739	27.949690000000004	6228	0.020776	57.56350821278006
194.19753	27.292279999999998	7787	0.025975	57.609330913411284
194.68006	28.910059999999998	8362	0.027893	57.591748874796295
195.97679	28.310540000000003	8017	0.026742000000000002	57.66315514541861
195.80697	27.36908	6371	0.021251	58.35556889717759
194.42055	27.127990000000004	5606	0.0187	58.48008621947763
195.64803999999998	28.745240000000003	6128	0.020441	58.74245367459291
195.13042	28.950390000000002	6895	0.023	58.92908066404596
195.13003	28.950540000000004	6988	0.023311000000000002	58.93470383624625
193.85438	27.798029999999997	7356	0.024537	59.285557827514
195.86633999999998	28.564220000000002	4786	0.015966	59.62215945962198
196.05368	28.19363	6412	0.021388	59.64463673781705
193.83333000000002	27.866690000000002	6973	0.023259000000000002	59.75398924877552
196.04228	28.24796	5955	0.019864	59.83116729192869
194.46396000000001	27.08103	7945	0.0265	59.924724455131795
194.28603999999999	27.173409999999997	5996	0.02	60.03759741313258
194.6612	27.0132	7015	0.0234	60.09182222110147
195.83252	28.61727	5954	0.019861	60.145146222006375
194.61289	27.02347	7549	0.025182	60.21892840537515
194.95524	26.97433	7072	0.02359	60.381952119481355
194.11906000000002	27.29128	7525	0.025101	60.63178751950059
193.8658	27.656129999999997	7051	0.02352	60.89358834445734
195.65563	27.176140000000004	5497	0.018336	61.04419877647021
194.36469	27.101490000000002	5576	0.0186	61.33955254900427
195.00496	26.95611	7173	0.023927	61.53710913549724
194.6285	26.994940000000003	7453	0.024859	61.61629334135696
194.14791	27.24176	5606	0.0187	61.6284243797877
194.55553999999998	28.948109999999996	7675	0.0256	61.71577826424131
194.48612	27.037440000000004	7419	0.024746999999999998	61.809726600105904
193.83719	27.66915	7105	0.0237	62.09094994397489
195.93683000000001	28.54591	7733	0.025796	62.07203260746049
194.76934	26.958190000000002	8111	0.027054	62.12485433960497
194.61602	28.974140000000002	7140	0.023816	62.20057222645935
193.81555	28.25194	6308	0.021041	62.357139699539374
194.14433	27.227559999999997	7197	0.024007	62.37712893450354
195.51845	28.894579999999998	8152	0.027192	62.421871233773636
193.87758	27.54427	7024	0.023429	62.81778989071967
193.80778	27.7089	6647	0.022172	62.91024577761509
193.88505	27.52512	7144	0.02383	62.952345263562535
195.60688000000002	28.85807	6693	0.022324	62.94103971664022
194.29983000000001	27.10333	7272	0.024257	63.07773115597515
194.18138000000002	27.17864	7630	0.025450999999999998	63.24562264765338
195.1648	29.01942	7289	0.024313	63.3157195253432
193.87126999999998	27.52143	6989	0.023313	63.70856663535014
194.099	27.234	6045	0.020165	63.7894477406395
194.40226	27.031370000000003	7339	0.024480000000000002	64.05883673012899
194.23253	27.11976	5486	0.0183	64.32280215825794
194.27399	27.089059999999996	7525	0.0251	64.55445084620123
194.39333	27.0254	5846	0.0195	64.59567341658219
195.87945	28.69043	6715	0.0224	64.86052222087109
193.73163	28.06686	6314	0.021061	64.89888956826962
194.01753	27.28554	5800	0.019347	64.90417154180506
193.73651999999998	28.12626	6305	0.021031	65.00524433216225
195.0147	26.898120000000002	5903	0.01969	65.03733120891704
196.04686999999998	27.490440000000003	5317	0.017736000000000002	65.11122750174148
196.13063	28.301920000000003	7795	0.026	65.21498714238413
194.55416	26.9495	6655	0.0222	65.4144514866861
193.84403999999998	28.4679	7010	0.023383	65.51234148416734
194.1164	27.17499	8784	0.0293	65.7021758971865
194.82617	26.88989	5466	0.018231999999999998	65.79608017558903
194.33954	27.023	8009	0.026715	66.0899765518339
195.43325	28.99955	6386	0.0213	66.16831918004613
194.52342	29.017359999999996	7703	0.025693999999999998	66.19689985798229
196.07676999999998	28.468140000000002	7740	0.025818	66.21510959924427
194.2069	27.09392	6934	0.023129	66.38329283818884
195.19817	29.06725	7524	0.025099	66.46154806945916
194.58449	26.92065	6835	0.0228	66.56107727398285
193.86236	27.42251	7184	0.023964	66.92317273646435
194.64203999999998	26.899859999999997	8124	0.0271	66.93123942637865
194.49424	26.93927	7638	0.025477	67.09016630995801
193.7407	28.308429999999998	6304	0.021028	67.08656197329708
194.52854	29.03458	7277	0.024275	67.07746049884992
194.28818	27.02948	7015	0.0234	67.15086204323782
194.43215	29.00321	6930	0.023115	67.21933802515848
194.43167	29.00331	6895	0.023	67.23515502392843
196.0547	28.54245	8116	0.027070999999999998	67.27171287104453
195.29	29.06553	8364	0.0279	67.4702382491932
194.18083000000001	27.088109999999997	5066	0.0169	67.49878361481625
195.291	29.06611	8429	0.028117000000000003	67.51768861548696
193.90661	27.3414	6332	0.021121	67.5557821078258
194.3455	26.98775	8358	0.027879	67.787468281148
193.67443	28.045959999999997	7680	0.025617	67.84189539078251
196.06571	28.545379999999998	8385	0.027968	67.8627764045032
195.84415	28.796529999999997	7909	0.026381	67.88546048776088
194.5132	26.915979999999998	8238	0.027479000000000003	68.04041667583606
193.85218999999998	28.57125	7802	0.026024000000000002	68.11185459562716
194.4338	29.02038	7935	0.026469	68.12497862739147
194.19586	27.056929999999998	6386	0.0213	68.52267655705893
194.27917	28.95836	8270	0.027587	68.5876850710972
195.43072	29.04467	7095	0.023666	68.62617668584397
194.32728999999998	26.97958	7307	0.024375	68.68405615171649
195.3337	26.8867	8094	0.027	68.69810239588664
194.17513	27.061	7495	0.025	68.98105351485171
194.45583	29.04503	6895	0.023	69.03118819265487
194.2109	28.929840000000002	8064	0.0269	69.10705015743547
194.9764	26.819979999999997	7994	0.026664999999999998	69.65394202591476
194.18133	27.03476	5586	0.018633	70.05581314348969
193.72369	28.41698	7425	0.024766999999999997	70.0793468207202
195.48811	29.04993	7195	0.024	70.08175732334301
193.92208	27.250759999999996	7115	0.023733	70.15896646914831
193.75349	27.48338	6975	0.023266	70.34764359781732
194.17677	27.03101	7645	0.0255	70.3807899007049
194.01656	27.150440000000003	7337	0.024474	70.44581364277703
194.59998000000002	29.11515	9324	0.0311	70.56508239136181
194.13351	27.055590000000002	6130	0.020447	70.58786664832547
194.75762	26.81567	7164	0.023896	70.67239804691629
195.44613	29.0767	6922	0.02309	70.7105867346072
194.3291	26.9376	7645	0.0255	70.85508912573135
195.84643	28.864179999999998	6569	0.021913	70.93794724594684
193.65596000000002	27.692009999999996	8453	0.028196	70.96586157484995
193.93454	28.754640000000002	8249	0.027514999999999998	71.04752067558277
194.8421	26.797109999999996	6476	0.0216	71.26060274660402
194.50993	26.85952	7338	0.024477000000000002	71.28997330077705
194.57583	29.128059999999998	7879	0.026281	71.65486953207194
194.57599	29.1288	7909	0.026382	71.69517051651438
193.7139	27.4945	7015	0.0234	71.98113729016458
193.85188	27.280479999999997	6535	0.0218	72.05126220898298
194.29748	29.045070000000003	7525	0.0251	72.61541424569909
195.39	29.130609999999997	7387	0.024640000000000002	72.73609523771418
193.63828	27.632759999999998	7372	0.02459	72.83256225846819
193.5814	28.09132	6773	0.022591999999999998	72.94383795518124
194.42931000000002	26.8524	6408	0.021375	73.21926343507288
193.72987	27.412709999999997	7863	0.026227999999999998	73.37529159439012
193.59476999999998	27.7445	7102	0.02369	73.42922129539049
194.48017	26.830779999999997	8244	0.0275	73.44875777257396
193.56983	28.0766	6987	0.023306	73.48460911107794
193.63733	28.37678	7033	0.023459999999999998	73.53261359721024
194.25338	26.921190000000003	6805	0.0227	73.68132404112635
194.0492	28.91677	7045	0.0235	73.67476245729829
196.11063000000001	27.304309999999997	5500	0.018346	73.70512976478061
194.28011	29.062790000000003	7587	0.025308	73.98549314587186
194.44029	29.129990000000003	7504	0.025031	74.06339848527203
196.14901	28.62773	6694	0.022328999999999998	74.15211975300599
194.25276000000002	29.05402	7516	0.025071	74.23134055193763
195.19847	29.20079	9294	0.031	74.33868947849874
194.11608	26.98733	6463	0.021558	74.41137521298262
196.26377	27.537059999999997	6603	0.022025	74.5085790611355
194.25675	29.062620000000003	7495	0.025	74.57492979668467
194.66637	26.7595	7467	0.024907	74.84689301583364
193.54162	28.092509999999997	6333	0.021125	75.04795954731983
194.446	29.14951	7151	0.023853	75.04651245507706
194.5295	26.78714	7255	0.0242	75.08412845433298
194.97333999999998	29.23315	7135	0.0238	75.15495647145227
193.95739	27.088859999999997	6847	0.022838999999999998	75.29514709025659
193.68739	27.411070000000002	7748	0.025843	75.42610929817799
194.54204	26.776709999999998	6745	0.0225	75.48503492059002
195.66121	29.075609999999998	6659	0.022211	75.55993163918136
195.92588999999998	28.905509999999996	6685	0.0223	75.5849819900979
194.12139	26.957009999999997	7056	0.023536	75.71425754457776
196.30163000000002	27.56976	6909	0.023046	75.71798399843621
194.21308	26.898940000000003	6249	0.020844	75.92911729114225
194.79252	26.720390000000002	7340	0.024485	76.10063066236671
196.28525	27.512809999999998	7177	0.02394	76.10681024613234
195.43053	29.178359999999998	7075	0.0236	76.13623771986876
195.51393000000002	29.15049	8071	0.026920999999999997	76.15656530052073
196.09265	28.7641	5528	0.01844	76.34644423666845
194.15006	26.90478	7915	0.0264	77.43046452883758
193.78842	27.205109999999998	7893	0.026327999999999997	77.46432836780832
193.83664	27.14968	6272	0.020921000000000002	77.53757958502175
194.90034	29.272059999999996	8154	0.0272	77.53167686886577
196.12141	28.76418	8034	0.0268	77.55137548820868
196.2053	28.661179999999998	7877	0.026276	77.72756362628937
196.09452	28.81077	7920	0.026418	78.16738955922915
196.07009	28.850740000000002	7509	0.025047	78.7384931101961
195.12147	26.675359999999998	7200	0.024017	78.83281054006383
193.47475	28.18658	7693	0.025661	79.22349745140531
193.75191999999998	27.19385	7435	0.0248	79.42689130128595
193.65437	27.317529999999998	7506	0.025036000000000003	79.66966815896568
196.45356999999998	28.106540000000003	7313	0.024394	79.81784191742285
196.27685	28.64129	5546	0.0185	80.37813832490117
196.27767	28.641140000000004	5442	0.018153	80.41143031840068
193.6031	27.36396	7839	0.026147000000000004	80.71384781165885
196.47287	28.112440000000003	7439	0.024814	80.866970570524
196.32317	28.582720000000002	7817	0.026074	80.90416607328707
194.00828	26.920820000000003	5730	0.019114	81.08233126715976
195.88929	29.0605	7572	0.025256999999999998	81.44638664294011
193.43364	27.78085	6640	0.022149000000000002	81.46929357796174
196.31411	28.62643	6574	0.021929	81.67380669582099
193.48073	28.39387	7426	0.024771	81.71360723317473
195.5175	29.25345	7315	0.0244	81.94783273671906
194.53858	26.6641	7314	0.024397	82.02694482422578
194.11966999999999	29.137079999999997	9493	0.031664	82.11436189995935
195.35215	29.30837	7153	0.02386	82.38567508765911
195.35375	29.31111	7071	0.023586000000000003	82.56606413364858
196.26058	28.739	8413	0.028063	82.67940528239451
195.35526000000002	29.31377	6946	0.023169	82.74062022006258
193.40781	27.7843	5109	0.017041999999999998	82.79349195101439
193.9725	29.06591	9863	0.0329	83.13614949286577
194.36158	26.69391	7248	0.024177	83.39471074168918
193.39819	27.75876	7463	0.024894	83.53864282688319
193.56679	27.303690000000003	6413	0.021391	84.13630338569222
196.04261	29.01543	6595	0.022	84.5873276862647
196.47116	27.55208	5660	0.01888	84.6007257185046
194.18001	26.74196	6950	0.023183000000000002	84.97559981654238
193.40582	27.61515	7073	0.023593	84.99843955403676
193.90393	26.91165	5937	0.019805	85.05702404104898
195.48264	29.32279	7075	0.0236	85.2165691364399
193.44518	27.48755	5096	0.017	85.36935696251356
194.154	26.74233	6086	0.0203	85.63672487257473
193.37618999999998	27.67522	5919	0.019744	85.65350484634861
196.54616000000001	27.70015	6741	0.022486000000000003	86.18148191250086
196.12216999999998	28.9875	7226	0.024103	86.31554486101734
196.58081	28.052509999999998	7266	0.024237	86.32706141125223
196.07468	29.02954	6835	0.0228	86.35703336685127
193.32746	28.21139	6148	0.020507	87.14750855067126
196.16148	28.972659999999998	7585	0.0253	87.20139724005479
195.64833000000002	26.66224	7372	0.02459	87.3584569616298
193.30251	28.00398	6025	0.020096	87.45734200986332
193.44432	27.385790000000004	8317	0.027742000000000003	87.7484660752221
193.29788	27.83778	6926	0.023103	88.17687459989034
193.67338999999998	27.04148	7098	0.023675	88.38952565860053
194.79577	29.448179999999997	7165	0.0239	88.4372560328424
195.02735	29.462659999999996	6540	0.021815	89.0038459431689
194.00732	26.75662	5722	0.019087	89.0690986775908
195.04468	29.466490000000004	6892	0.022989	89.27801191441364
193.73092	29.01238	6404	0.02136	89.35626476685458
194.08541	26.70403	6558	0.021875	89.47479981554763
193.34783000000002	27.51308	7191	0.023985	89.73647647964138
193.28133	28.24125	7195	0.024	89.84111748690263
193.59283	27.084190000000003	8427	0.028109	90.17014591360399
196.65164	27.87296	6248	0.020841	90.27774444353899
196.52293999999998	28.59295	7944	0.026498	90.7148058531767
195.04357	26.46115	6625	0.0221	91.30044736049773
193.57923	27.068040000000003	8365	0.027902999999999997	91.33382735614323
196.65438999999998	28.23475	6505	0.0217	91.3214956184366
194.08445	29.300140000000003	6685	0.0223	91.42920214185297
193.43953	27.24965	6902	0.023023	91.64339834580892
194.21331	29.378190000000004	7165	0.0239	92.44953456788605
193.83518	26.7999	6837	0.022806	92.55116301839448
196.65503999999999	28.337590000000002	6596	0.022002	92.54292515637935
194.38003	26.51217	7230	0.024117	93.26228437177659
193.65341	26.93488	5913	0.019724000000000002	93.40770156398872
193.19283000000001	27.906809999999997	5826	0.019433000000000002	93.4042029438291
193.21087	27.7459	6000	0.020013	93.47898540030113
196.52688	28.70177	5549	0.018508	93.69614230467224
193.523	27.06863	7585	0.025301	93.72462347319743
196.15436	29.146720000000002	5791	0.019316999999999997	94.34988438358987
193.22328000000002	28.371270000000003	7061	0.023553	94.4405219099579
195.60151000000002	29.4516	7813	0.026062000000000002	94.62045478374517
196.43911	28.87095	8021	0.026755	94.87642516793655
196.439	28.87133	7959	0.02655	94.88434997960154
196.23649	29.09245	6085	0.020297	95.00489319125774
196.31741	29.015629999999998	9953	0.0332	95.03327631370492
193.52493	27.018929999999997	8516	0.028406	95.4281852936352
196.56313	28.7123	5856	0.019533000000000002	95.6825904311383
196.52171	28.787440000000004	6890	0.022984	95.9128831223987
196.66626000000002	28.517509999999998	8094	0.027	96.1061832243949
196.24325	29.12224	5968	0.019906999999999998	96.5121470621329
196.57588	27.25505	7558	0.025211	96.63711101209435
196.33154	29.04741	5336	0.0178	96.83962621218855
195.61583000000002	29.48759	7105	0.0237	96.90411513501682
194.12046	26.543459999999996	7733	0.025793	96.99516760973512
196.3344	29.048890000000004	5276	0.0176	97.0110864305394
196.33657	29.048679999999997	5276	0.0176	97.08873311216246
195.77473999999998	26.531129999999997	5771	0.01925	97.39140347714546
194.55283	26.39688	5885	0.01963	97.39959766866748
194.04825	29.39825	7221	0.024086	97.47739405809261
196.3869	29.0116	5246	0.0175	97.68409680712236
194.21785	26.48773	7591	0.025321	97.78753514511841
193.90599	26.642129999999998	6533	0.021793	97.80582629211607
193.455	28.94272	7149	0.023846	97.85456068126685
196.16221000000002	29.22488	5756	0.0192	98.1303482524101
196.80501999999998	28.04695	7304	0.024364	98.1783121365146
193.77132	26.724159999999998	6786	0.022636	98.23297227002702
194.3332	26.43233	7179	0.023944999999999998	98.6138400584381
193.46459	28.9794	7989	0.026648	98.75515836503106
195.87118	26.55051	6676	0.022269	98.7980711326953
193.20373	27.40185	7745	0.025835000000000004	99.21382107526027
194.52014	26.37061	6955	0.0232	99.32988702929691
193.47587	26.966379999999997	6212	0.020721	99.4333366307057
194.61221	29.612479999999998	5837	0.019469999999999998	99.5336867974739
196.8087	28.25825	6421	0.021417	99.59808894423776
196.2432	29.19466	5786	0.0193	99.62493337111893
196.729	28.548029999999997	6268	0.020908000000000003	99.83325460921328
196.81735	28.283929999999998	7436	0.024804	100.3057188616793
196.38315	29.093770000000003	7105	0.0237	100.70779659982585
196.81263	28.343020000000003	5606	0.018699	100.73854001291323
193.14578999999998	27.45937	7445	0.024835	100.95717046324067
196.79823000000002	28.4238	5366	0.0179	101.12363032359342
193.64763	26.7514	8000	0.026683999999999996	101.38238083942129
193.90285	26.56438	6328	0.021109	101.77401397612124
193.31713	27.094440000000002	6158	0.020541	101.99190397125246
196.64833000000002	27.16872	7716	0.025738	102.48104991064027
196.49504	29.022609999999997	6069	0.020243999999999998	102.5591330459933
195.29977	29.664109999999997	7191	0.023986	102.63594799271925
193.34633	27.033479999999997	7104	0.023698	102.66810145532315
196.33154	29.197440000000004	8064	0.0269	102.97388846772598
193.23633999999998	28.812079999999998	6296	0.021	103.43104938043997
196.3013	29.23606	6955	0.0232	103.52100401568472
196.659	28.848470000000002	4749	0.015841	103.99570201568287
196.63501000000002	28.90222	7152	0.023857	104.55130190341929
192.97268	27.978309999999997	6988	0.023309	104.93288539058291
193.02274	27.59628	8000	0.026685000000000004	105.02456425633623
196.90791000000002	28.32582	6768	0.022574	105.46593410115676
196.69736	28.849109999999996	4797	0.016	105.77148889643658
195.64501	29.63932	9294	0.031	105.95733131541081
193.03748000000002	27.47728	5907	0.019704	106.122798285213
196.67462	28.906859999999998	7645	0.0255	106.47389336127742
193.52653	29.24268	7517	0.025074000000000003	106.67160812504933
196.562	29.06461	7034	0.023463	106.88056670989167
196.669	28.93	7562	0.025223	106.94553645396098
196.56708	29.063609999999997	7036	0.023469999999999998	107.0571003426007
192.93243999999999	27.962840000000003	6924	0.023096000000000002	107.07794655263514
194.27007	26.30252	6548	0.021841	107.08966826972558
196.57211999999998	29.06287	7038	0.023476	107.24173112653828
196.90672	27.49915	6658	0.022209	107.69425089607981
192.9195	28.05315	5680	0.018946	107.80080835259868
194.07748999999998	26.3589	6486	0.021634999999999998	107.94843307542766
196.35523999999998	29.29648	7075	0.0236	108.09382252488115
196.13908	29.458340000000003	6895	0.023	108.41873684069665
193.86013	29.532559999999997	6422	0.021422	109.42719174620092
196.55667	29.141440000000003	6954	0.023195	109.50547351257246
196.5569	29.14125	7045	0.0235	109.50763693244045
196.97308999999998	28.383129999999998	6472	0.021588	109.52707676713295
197.00993	28.2514	7529	0.025115000000000002	110.05294177623041
194.41939	26.2053	6070	0.020248	110.27137033643059
193.17438	28.959540000000004	9807	0.032712	110.67908837907946
193.47405	26.684040000000003	5350	0.017847	110.75571806316647
197.03794	27.82661	6895	0.022999000000000002	110.9338113048646
197.04543	28.128529999999998	5456	0.0182	111.14437232836522
196.58941000000002	29.17012	7225	0.0241	111.92233592844507
196.41058	29.349940000000004	7124	0.023763999999999997	112.41345666096134
196.49848	29.27882	7951	0.026522000000000004	112.64952133179607
193.07384	27.08555	6287	0.020971	113.4928764035182
193.79527	29.57827	7477	0.024941	113.55511860439518
194.14608	29.747390000000003	7321	0.024419	114.16713201231481
196.6381	29.18409	9394	0.031334	114.43267440781075
194.84505	29.88785	7355	0.024534	114.56979051951896
196.71976	29.10053	6715	0.0224	114.8273726558007
196.69545	29.130709999999997	7926	0.026438	114.85869470380179
194.94111	29.896309999999996	6531	0.021785	114.93867074874369
195.47388	29.84348	7345	0.0245	115.0654158989677
197.05876999999998	27.515859999999996	7337	0.024474	115.23772478811279
195.00467	29.904059999999998	7317	0.024406999999999998	115.43377354729904
196.91654	28.82875	7807	0.026043	115.44204969679608
192.90816999999998	27.31066	7004	0.023363	115.88037534523582
192.77338999999998	27.804920000000003	9864	0.032902999999999995	116.06495371545921
197.1137	28.3205	6532	0.021788	116.10617198283691
192.85901	27.421259999999997	7359	0.024547	116.19392432126222
196.99123	28.71064	7563	0.025227	116.19524948275867
197.115	28.35067	7145	0.023834	116.48931336795229
197.01054	27.31103	5830	0.019447	116.50094513067283
197.11531000000002	28.349940000000004	7105	0.0237	116.49745662325411
193.02863	27.02634	6670	0.022249	117.33371387638627
194.8446	26.026239999999998	6053	0.020191	117.41045281032886
195.52968	29.871090000000002	7345	0.0245	117.395698144645
196.3484	29.510409999999997	6045	0.020165	117.52231229396008
196.19975	29.614929999999998	6005	0.020030000000000003	117.94453062427303
194.10195	29.804940000000002	7824	0.026098000000000003	118.23272278829495
193.246	26.720390000000002	8139	0.02715	118.29446302582585
192.72523	27.841829999999998	7604	0.025363999999999998	118.41196732827274
195.99492	26.23443	8064	0.0269	118.63354408965466
196.56301000000002	29.36615	7375	0.0246	118.71058957755756
197.17167	28.2831	5816	0.0194	118.78321145285985
194.07706000000002	29.8078	7039	0.02348	118.89120184646185
192.85689	28.72032	7215	0.024066	119.24716429553706
195.43285	29.92683	9206	0.030708	119.45376130825123
193.70878000000002	26.324920000000002	6779	0.022613	119.50693613038507
192.78846000000001	27.40685	6853	0.022859	120.03908177523638
196.31853	29.587459999999997	7115	0.023734	120.20582338441274
193.81207	26.25007	6497	0.02167	120.39404689133048
193.4963	26.44404	7074	0.023596000000000002	120.59060799308367
197.23012	28.02429	5130	0.017112	120.65560877962179
197.22581	28.183909999999997	5988	0.019974000000000002	120.92579575644248
193.15122	26.74989	7882	0.026291000000000002	121.12408199995009
193.04917	26.87472	6211	0.020718	121.17378792699657
197.24272	28.054440000000003	7113	0.023726	121.35841906297541
195.92298	29.81826	7023	0.023425	121.45466350094028
196.63759	29.36562	7295	0.024332	121.52269420889414
192.76495	27.36999	8315	0.027736	121.90121960087285
192.78156	27.3204	6262	0.020887	122.0179418887487
197.23823000000002	28.280509999999996	5849	0.01951	122.24320669965596
193.51033	29.603609999999996	6319	0.021078	123.43458348054993
196.68758	29.37162	7932	0.026456999999999998	123.69652887184029
193.23471	26.59467	7293	0.024326	123.73558387933058
192.78708	28.788059999999998	4754	0.015858	124.17031868118718
192.82471	27.10616	5450	0.018179	124.79154516414575
197.01654	28.99826	7237	0.02414	124.7707088533734
197.21479	28.62929	6830	0.022782	125.65399395856898
196.39296000000002	29.653190000000002	6576	0.021936	125.69430592096539
197.27324	28.490859999999998	7729	0.025782	126.40572877702701
196.94958	29.15297	6970	0.023249000000000002	126.55037028521834
192.98139	26.782890000000002	6079	0.020276	127.2740750164846
197.30138	28.467670000000002	7671	0.025588999999999997	127.5366027921941
193.26316	26.476570000000002	7677	0.025608	127.56215297642956
197.06316	29.022990000000004	6176	0.0206	127.62922218547446
197.06316999999999	29.023	6165	0.020562999999999998	127.62997115245395
197.33962	28.31158	6008	0.020040000000000002	127.8098761223086
197.34761	28.28146	6252	0.020856	127.97779214487831
197.34534	28.321279999999998	5839	0.019477	128.1946161005393
192.61699	27.43491	6446	0.021502	128.3368406575232
193.02112	29.288090000000004	6509	0.021713	128.46465810696836
197.10466	28.984990000000003	7675	0.0256	128.4740997791656
192.7572	28.927970000000002	6443	0.021491	129.02428866076212
197.28049	28.668470000000003	5624	0.018761	129.6654768615736
192.63188	27.314	8094	0.027	129.68878689313408
193.34034	26.361420000000003	5806	0.019368	129.8036171988144
197.35981	28.41586	6201	0.020684	129.91513001618375
197.13075	29.0113	7465	0.0249	130.41903986299226
193.18363	26.4704	6417	0.021405	130.8530802019353
192.49115	27.82242	6891	0.022986000000000003	130.88557722780072
194.59679	30.142970000000002	7757	0.025875	131.07481377393205
196.84583999999998	29.401040000000002	5231	0.017449	131.09647078804355
193.32343	26.3393	6926	0.023103	131.40131476078693
192.58301	27.324009999999998	7665	0.025568	131.97582958833354
196.51613999999998	29.709709999999998	6098	0.02034	132.3236621265966
196.51765	29.70962	6097	0.020337	132.36872615501113
196.59233	29.65747	7040	0.023483	132.4637083888701
196.59138000000002	29.65836	6895	0.023	132.4715590062159
196.5945	29.657529999999998	6895	0.023	132.54065186711884
197.2979	28.77692	6326	0.0211	132.6787109014926
196.28721000000002	29.881	6947	0.023173	133.81932161258248
196.87303	29.462770000000003	6895	0.023	134.58202909313437
192.44538	27.64074	7105	0.0237	134.63273357999964
196.59153999999998	29.706909999999997	8784	0.0293	134.69065778224834
197.28746999999998	28.89248	7443	0.024827000000000002	134.76463097268456
197.46713	28.382440000000003	7132	0.023791	135.1272240125328
197.08993	29.22818	7103	0.023693000000000002	135.17284360339315
197.09017	29.228440000000003	7025	0.023434	135.19189093701374
196.46251	29.809990000000003	7085	0.023633	135.39900657999098
192.97923	26.55827	7930	0.026451	135.51312797230955
193.1712	26.36583	6177	0.020604	135.76812273535631
197.22948	29.040770000000002	9410	0.031388	135.82893030395198
192.77738	29.19681	6619	0.022078999999999998	135.87372886223966
194.91844	30.246959999999998	7635	0.025468	135.98806222048557
196.41329	26.106360000000002	6272	0.020921000000000002	136.87810460013512
197.44066999999998	28.62112	6790	0.02265	136.91533553839318
197.53456	28.28991	7002	0.023357	137.83940031721812
197.487	28.55808	6964	0.023231	138.30883725844123
193.21922	29.71627	8544	0.0285	138.3671214563281
192.44109	27.369090000000003	6855	0.022865	138.42451458868226
197.21346	29.16967	7891	0.026322	138.82927393455532
194.0599	30.20008	7508	0.025044	141.15543970720123
197.37763	28.98596	6191	0.020652	141.3729617279788
196.31675	25.957639999999998	6521	0.021752	141.6005783826387
192.31548999999998	28.49751	7349	0.024513999999999998	142.8218593344477
197.44786000000002	28.90695	5608	0.018706	142.86623836534935
192.42197	28.844820000000002	6517	0.021738999999999998	143.27699669977144
197.49954	28.815109999999997	7683	0.025627999999999998	143.4207431857262
197.46544	28.90039	7798	0.026011000000000003	143.57313442066632
192.39723999999998	27.19763	6307	0.021038	143.7995087350277
196.21274	25.83933	7313	0.024393	145.08266425576738
197.12712	29.478070000000002	7195	0.024	145.44458701215663
192.58425	26.749859999999998	7260	0.024217	146.23458374286497
192.61082	26.70898	5645	0.01883	146.29820231309355
192.28683	27.36877	6633	0.022125	146.34862093530148
192.55608999999998	26.776090000000003	7136	0.023803	146.73706045479614
192.24716999999998	27.3755	6281	0.02095	148.2857358600328
193.02302	26.19858	7864	0.026233	148.52881313570265
192.76395	26.445729999999998	6006	0.020035	148.74215399846682
192.42622	26.89203	6841	0.022819	149.56862100691447
197.31704	29.36767	6258	0.020874	149.69898316581117
196.07781	30.284190000000002	9910	0.033056	150.25279372342857
197.74241999999998	28.518890000000003	7319	0.024415	150.9187855161807
193.00152	26.15917	6167	0.020571000000000002	151.042771722269
192.25621	27.179140000000004	5968	0.019906999999999998	151.26737084362108
197.60204	28.967670000000002	7195	0.024	151.73909527317855
197.22858	29.54433	6903	0.023025999999999998	152.0676932952096
197.82891999999998	27.96681	7328	0.024443	152.39018856711425
194.11487	30.4333	7495	0.025	153.56228969961597
194.5775	30.53803	7565	0.025234	154.69392040735278
196.90673	29.926779999999997	7594	0.025330000000000002	155.41035195257643
197.10992	29.75445	6895	0.023	155.46044161462456
196.32867	30.277279999999998	9893	0.033	155.51286413978627
196.32867	30.277309999999996	9955	0.033206	155.51445407580502
195.77391	25.47484	7233	0.024127000000000003	156.65241769830536
192.20242	27.03462	6347	0.021171000000000002	156.9956870520627
192.14533	28.846970000000002	6727	0.022438	157.01565845692232
197.69804	28.99522	7604	0.025365000000000002	157.02859512396157
196.53479	30.20928	4848	0.016171	157.33763115846688
192.26046000000002	26.89313	7375	0.0246	157.52782722307836
193.24267	30.15205	7307	0.024373	158.1677783206657
196.11155	30.418020000000002	9893	0.033	158.32435062635514
196.11154	30.418029999999998	9966	0.033243	158.32470300296836
192.34904	29.321279999999998	7507	0.025042	158.95486331859996
197.48971	29.427970000000002	7855	0.0262	159.24566110525862
195.66422	25.38297	7345	0.0245	160.4574008851901
195.00166000000002	30.665090000000003	7540	0.02515	161.08382225901224
197.97212	27.59375	6167	0.020572	161.92379425066355
192.54133000000002	29.67622	7129	0.023781	162.53350572463356
191.87781	27.956529999999997	9630	0.032122000000000005	162.96633148394292
193.78079	30.5127	6401	0.021351	163.84388130153386
192.15993	29.190340000000003	7140	0.023815	164.07620637754115
191.98049	27.22236	8006	0.026705	164.4687275647884
192.17812	29.23925	6984	0.023296	164.51267963272528
191.83988	28.006190000000004	9621	0.032092	164.93882627575638
194.27373	30.665090000000003	7361	0.024553	164.93624759801097
197.28028999999998	29.831	6895	0.023	165.1187624374074
194.22789	30.67645	7195	0.024	166.13232780250718
192.1003	26.857909999999997	7415	0.024734	166.19475993146622
191.86821	27.45778	6609	0.022045	166.82082931635995
197.80309	26.814009999999996	6361	0.021217	167.175404697449
192.03871	26.939190000000004	6854	0.022862	167.2640331361129
193.69926999999998	30.544829999999997	6248	0.020841	167.25649737022397
192.12596000000002	29.26015	7495	0.025	167.51568255266682
191.94041	28.884590000000003	9354	0.0312	167.945560928854
198.03303	27.33052	6148	0.020507	168.2646672236123
198.03101	27.322770000000002	6268	0.020907	168.27432912904044
194.24112	30.71605	7303	0.02436	168.29037591841902
191.78535	27.79321	7452	0.024857	168.3621248188803
192.2062	29.42428	6787	0.022638	168.51346667619433
194.18339	30.719240000000003	7844	0.026164999999999997	169.16951081302284
191.95668999999998	27.00872	6362	0.021221	169.79790385866374
198.10775	28.5377	6361	0.021218	170.0329909043791
197.40633	26.15908	6361	0.021218	170.6528901596101
191.83501	27.2468	7765	0.0259	171.51484819365282
191.92485	26.98162	7144	0.02383	171.9687588935033
196.49461000000002	25.46569	6523	0.021758	172.02894550742502
198.21604	27.880059999999997	6456	0.021535	173.07448399650104
196.78736999999998	30.39322	6884	0.022964	173.7312149421265
193.15323999999998	30.416840000000004	6949	0.023178	173.9218270794844
196.5705	25.46732	7282	0.02429	173.93293637646178
196.56302	25.460539999999998	7265	0.024233	174.08803955355344
192.17525	26.41722	6859	0.022879	175.4178897140455
193.74106	30.708090000000002	7888	0.026313	175.48768495881654
192.02119	26.64602	6723	0.022425	175.61119793960364
197.75708999999998	29.57828	7252	0.02419	175.86696776673247
192.02479	29.443179999999998	6991	0.023319	177.31619448905303
197.69852	29.7099	6366	0.021235	177.7077515843201
197.75647	29.6367	7044	0.023496	177.73988628849645
196.65166000000002	25.42963	7176	0.023937	178.08763404079787
191.85223	29.207390000000004	6983	0.023293	179.16325488984708
